0.000000 1.764059 1.764059
1.764059 0.000000 1.764059
1.764059 1.764059 0.000000
0.000000 3.528118 3.528118
3.528118 0.000000 3.528118
3.528118 3.528118 0.000000
8 8
direct
0.000000 0.000000 0.000000 Cu
0.000000 0.000000 0.500000 Cu
0.000000 0.500000 0.000000 Cu
0.000000 0.500000 0.500000 Cu
0.500000 0.000000 0.000000 Cu
0.500000 0.000000 0.500000 Cu
0.500000 0.500000 0.000000 Cu
0.500000 0.500000 0.500000 Cu
-9.456654545940001 0.0 0.0 2.39876491008 2.68677508134 0.0 2.39876491008 -0.0 2.68677508134 -0.14936360208 0.0 -0.0 -0.14936360208 0.0 -0.0 2.39876491008 -0.0 -2.68677508134 2.39876491008 -2.68677508134 0.0 0.1603233807 0.0 0.0
0.0 -9.456654545940001 0.0 2.68677508134 2.39876491008 -0.0 -0.0 -0.14936360208 0.0 0.0 2.39876491008 -2.68677508134 0.0 2.39876491008 2.68677508134 -0.0 -0.14936360208 0.0 -2.68677508134 2.39876491008 -0.0 0.0 0.1603233807 0.0
0.0 0.0 -9.456654545940001 0.0 -0.0 -0.14936360208 2.68677508134 0.0 2.39876491008 -0.0 -2.68677508134 2.39876491008 -0.0 2.68677508134 2.39876491008 -2.68677508134 0.0 2.39876491008 0.0 -0.0 -0.14936360208 0.0 0.0 0.1603233807
2.39876491008 2.68677508134 0.0 -9.456654545940001 0.0 0.0 -0.14936360208 0.0 -0.0 2.39876491008 -0.0 2.68677508134 2.39876491008 -0.0 -2.68677508134 -0.14936360208 0.0 -0.0 0.1603233807 0.0 0.0 2.39876491008 -2.68677508134 0.0
2.68677508134 2.39876491008 -0.0 0.0 -9.456654545940001 0.0 0.0 2.39876491008 -2.68677508134 -0.0 -0.14936360208 0.0 -0.0 -0.14936360208 0.0 0.0 2.39876491008 2.68677508134 0.0 0.1603233807 0.0 -2.68677508134 2.39876491008 -0.0
0.0 -0.0 -0.14936360208 0.0 0.0 -9.456654545940001 -0.0 -2.68677508134 2.39876491008 2.68677508134 0.0 2.39876491008 -2.68677508134 0.0 2.39876491008 -0.0 2.68677508134 2.39876491008 0.0 0.0 0.1603233807 0.0 -0.0 -0.14936360208
2.39876491008 -0.0 2.68677508134 -0.14936360208 0.0 -0.0 -9.456654545940001 0.0 0.0 2.39876491008 2.68677508134 0.0 2.39876491008 -2.68677508134 0.0 0.1603233807 0.0 0.0 -0.14936360208 0.0 -0.0 2.39876491008 -0.0 -2.68677508134
-0.0 -0.14936360208 0.0 0.0 2.39876491008 -2.68677508134 0.0 -9.456654545940001 0.0 2.68677508134 2.39876491008 -0.0 -2.68677508134 2.39876491008 -0.0 0.0 0.1603233807 0.0 0.0 2.39876491008 2.68677508134 -0.0 -0.14936360208 0.0
2.68677508134 0.0 2.39876491008 -0.0 -2.68677508134 2.39876491008 0.0 0.0 -9.456654545940001 0.0 -0.0 -0.14936360208 0.0 -0.0 -0.14936360208 0.0 0.0 0.1603233807 -0.0 2.68677508134 2.39876491008 -2.68677508134 0.0 2.39876491008
-0.14936360208 0.0 -0.0 2.39876491008 -0.0 2.68677508134 2.39876491008 2.68677508134 0.0 -9.456654545940001 0.0 0.0 0.1603233807 0.0 0.0 2.39876491008 -2.68677508134 0.0 2.39876491008 -0.0 -2.68677508134 -0.14936360208 0.0 -0.0
0.0 2.39876491008 -2.68677508134 -0.0 -0.14936360208 0.0 2.68677508134 2.39876491008 -0.0 0.0 -9.456654545940001 0.0 0.0 0.1603233807 0.0 -2.68677508134 2.39876491008 -0.0 -0.0 -0.14936360208 0.0 0.0 2.39876491008 2.68677508134
-0.0 -2.68677508134 2.39876491008 2.68677508134 0.0 2.39876491008 0.0 -0.0 -0.14936360208 0.0 0.0 -9.456654545940001 0.0 0.0 0.1603233807 0.0 -0.0 -0.14936360208 -2.68677508134 0.0 2.39876491008 -0.0 2.68677508134 2.39876491008
-0.14936360208 0.0 -0.0 2.39876491008 -0.0 -2.68677508134 2.39876491008 -2.68677508134 0.0 0.1603233807 0.0 0.0 -9.456654545940001 0.0 0.0 2.39876491008 2.68677508134 0.0 2.39876491008 -0.0 2.68677508134 -0.14936360208 0.0 -0.0
0.0 2.39876491008 2.68677508134 -0.0 -0.14936360208 0.0 -2.68677508134 2.39876491008 -0.0 0.0 0.1603233807 0.0 0.0 -9.456654545940001 0.0 2.68677508134 2.39876491008 -0.0 -0.0 -0.14936360208 0.0 0.0 2.39876491008 -2.68677508134
-0.0 2.68677508134 2.39876491008 -2.68677508134 0.0 2.39876491008 0.0 -0.0 -0.14936360208 0.0 0.0 0.1603233807 0.0 0.0 -9.456654545940001 0.0 -0.0 -0.14936360208 2.68677508134 0.0 2.39876491008 -0.0 -2.68677508134 2.39876491008
2.39876491008 -0.0 -2.68677508134 -0.14936360208 0.0 -0.0 0.1603233807 0.0 0.0 2.39876491008 -2.68677508134 0.0 2.39876491008 2.68677508134 0.0 -9.456654545940001 0.0 0.0 -0.14936360208 0.0 -0.0 2.39876491008 -0.0 2.68677508134
-0.0 -0.14936360208 0.0 0.0 2.39876491008 2.68677508134 0.0 0.1603233807 0.0 -2.68677508134 2.39876491008 -0.0 2.68677508134 2.39876491008 -0.0 0.0 -9.456654545940001 0.0 0.0 2.39876491008 -2.68677508134 -0.0 -0.14936360208 0.0
-2.68677508134 0.0 2.39876491008 -0.0 2.68677508134 2.39876491008 0.0 0.0 0.1603233807 0.0 -0.0 -0.14936360208 0.0 -0.0 -0.14936360208 0.0 0.0 -9.456654545940001 -0.0 -2.68677508134 2.39876491008 2.68677508134 0.0 2.39876491008
2.39876491008 -2.68677508134 0.0 0.1603233807 0.0 0.0 -0.14936360208 0.0 -0.0 2.39876491008 -0.0 -2.68677508134 2.39876491008 -0.0 2.68677508134 -0.14936360208 0.0 -0.0 -9.456654545940001 0.0 0.0 2.39876491008 2.68677508134 0.0
-2.68677508134 2.39876491008 -0.0 0.0 0.1603233807 0.0 0.0 2.39876491008 2.68677508134 -0.0 -0.14936360208 0.0 -0.0 -0.14936360208 0.0 0.0 2.39876491008 -2.68677508134 0.0 -9.456654545940001 0.0 2.68677508134 2.39876491008 -0.0
0.0 -0.0 -0.14936360208 0.0 0.0 0.1603233807 -0.0 2.68677508134 2.39876491008 -2.68677508134 0.0 2.39876491008 2.68677508134 0.0 2.39876491008 -0.0 -2.68677508134 2.39876491008 0.0 0.0 -9.456654545940001 0.0 -0.0 -0.14936360208
0.1603233807 0.0 0.0 2.39876491008 -2.68677508134 0.0 2.39876491008 -0.0 -2.68677508134 -0.14936360208 0.0 -0.0 -0.14936360208 0.0 -0.0 2.39876491008 -0.0 2.68677508134 2.39876491008 2.68677508134 0.0 -9.456654545940001 0.0 0.0
0.0 0.1603233807 0.0 -2.68677508134 2.39876491008 -0.0 -0.0 -0.14936360208 0.0 0.0 2.39876491008 2.68677508134 0.0 2.39876491008 -2.68677508134 -0.0 -0.14936360208 0.0 2.68677508134 2.39876491008 -0.0 0.0 -9.456654545940001 0.0
0.0 0.0 0.1603233807 0.0 -0.0 -0.14936360208 -2.68677508134 0.0 2.39876491008 -0.0 2.68677508134 2.39876491008 -0.0 -2.68677508134 2.39876491008 2.68677508134 0.0 2.39876491008 0.0 -0.0 -0.14936360208 0.0 0.0 -9.456654545940001
