{
    "E-V": {
        "bandgaps": [0.0, 0.0, 0.0, 0.0, 0.0, 0.0, 0.0, 0.0, 0.0, 0.0, 0.0, 0.0, 0.0, 0.0, 0.0],
        "energies": [-3.69523755, -3.72420688, -3.74021733, -3.74536468, -3.74151681, -3.73023315, -3.71283757, -3.6909675, -3.66511915, -3.63605893, -3.60444055, -3.57079399, -3.53551271, -3.49907775, -3.46172916],
        "lattices": [[[0.0, 1.949282, 1.949282], [1.949282, 0.0, 1.949282], [1.949282, 1.949282, 0.0]], [[0.0, 1.973056, 1.973056], [1.973056, 0.0, 1.973056], [1.973056, 1.973056, 0.0]], [[0.0, 1.99627, 1.99627], [1.99627, 0.0, 1.99627], [1.99627, 1.99627, 0.0]], [[0.0, 2.018957, 2.018957], [2.018957, 0.0, 2.018957], [2.018957, 2.018957, 0.0]], [[0.0, 2.041145, 2.041145], [2.041145, 0.0, 2.041145], [2.041145, 2.041145, 0.0]], [[0.0, 2.062861, 2.062861], [2.062861, 0.0, 2.062861], [2.062861, 2.062861, 0.0]], [[0.0, 2.084129, 2.084129], [2.084129, 0.0, 2.084129], [2.084129, 2.084129, 0.0]], [[0.0, 2.104559, 2.104559], [2.104559, 0.0, 2.104559], [2.104559, 2.104559, 0.0]], [[0.0, 2.1246, 2.1246], [2.1246, 0.0, 2.1246], [2.1246, 2.1246, 0.0]], [[0.0, 2.14427, 2.14427], [2.14427, 0.0, 2.14427], [2.14427, 2.14427, 0.0]], [[0.0, 2.163585, 2.163585], [2.163585, 0.0, 2.163585], [2.163585, 2.163585, 0.0]], [[0.0, 2.182561, 2.182561], [2.182561, 0.0, 2.182561], [2.182561, 2.182561, 0.0]], [[0.0, 2.201213, 2.201213], [2.201213, 0.0, 2.201213], [2.201213, 2.201213, 0.0]], [[0.0, 2.219554, 2.219554], [2.219554, 0.0, 2.219554], [2.219554, 2.219554, 0.0]], [[0.0, 2.237597, 2.237597], [2.237597, 0.0, 2.237597], [2.237597, 2.237597, 0.0]]],
        "metatag": "add5a9cc-a69e-46d0-b07b-72df99cf8dbd",
        "natoms": 1,
        "pressures": [104.59753868, 63.06116476, 28.45629979, -0.23828846, -23.98926004, -43.56074419, -59.55443965999999, -72.28935371, -82.4969476, -90.8103631, -97.48771863999998, -102.8206923, -106.94877479, -109.99854318, -112.29401431000001],
        "stresses": [[[104.59753868, 0.0, 0.0], [-0.0, 104.59753868, 0.0], [-0.0, -0.0, 104.59753868]], [[63.06116476, 0.0, -0.0], [-0.0, 63.06116476, 0.0], [-0.0, 0.0, 63.06116476]], [[28.45629979, 0.0, 0.0], [0.0, 28.45629979, 0.0], [-0.0, 0.0, 28.45629979]], [[-0.23828846, -0.0, 0.0], [0.0, -0.23828846, -0.0], [-0.0, 0.0, -0.23828846]], [[-23.98926004, 0.0, 0.0], [-0.0, -23.98926004, 0.0], [-0.0, 0.0, -23.98926004]], [[-43.56074419, -0.0, 0.0], [0.0, -43.56074419, 0.0], [-0.0, 0.0, -43.56074419]], [[-59.55443966, 0.0, 0.0], [-0.0, -59.55443966, 0.0], [-0.0, -0.0, -59.55443966]], [[-72.28935371, 0.0, 0.0], [-0.0, -72.28935371, 0.0], [-0.0, 0.0, -72.28935371]], [[-82.4969476, 0.0, 0.0], [-0.0, -82.4969476, 0.0], [0.0, 0.0, -82.4969476]], [[-90.8103631, 0.0, 0.0], [-0.0, -90.8103631, 0.0], [0.0, -0.0, -90.8103631]], [[-97.48771864, -0.0, -0.0], [0.0, -97.48771864, -0.0], [-0.0, 0.0, -97.48771864]], [[-102.8206923, -0.0, 0.0], [0.0, -102.8206923, 0.0], [0.0, 0.0, -102.8206923]], [[-106.94877479, -0.0, -0.0], [0.0, -106.94877479, 0.0], [0.0, 0.0, -106.94877479]], [[-109.99854318, 0.0, 0.0], [-0.0, -109.99854318, 0.0], [-0.0, 0.0, -109.99854318]], [[-112.29401431, 0.0, 0.0], [0.0, -112.29401431, 0.0], [-0.0, 0.0, -112.29401431]]],
        "volumes": [14.813374860890507, 15.362016628068318, 15.910646851009766, 16.459294039260623, 17.007934241948252, 17.556578855003963, 18.105219141427355, 18.6428932139735, 19.180570789872, 19.71825161814497, 20.25591571298645, 20.793575200064456, 21.331244945640343, 21.86891025098369, 22.406581823505153]
    },

    "ENCUT": 520.0,
    "METADATA": {
        "tag": "add5a9cc-a69e-46d0-b07b-72df99cf8dbd"
    },

    "NEDOS": 5001,
    "Postprocess time": "2020-08-27 16:01:53.447575",
    "bandgap": 0.0,
    "command": "dfttk thfind -py -td -50 -plot find_or_DFT -eq 4 -renew -get -ss 30 -el 2",
    "kpoins": {
        "generation_style": "Monkhorst",
        "kpoints": [20, 20, 20]
    },

    "phonon quality": "     1.0",
    "pseudo_potential": {
        "functional": "pbe",
        "labels": ["Al"],
        "pot_type": "paw"
    }
}
