{
    "E-V": {
        "bandgaps": [0.0, 0.0, 0.0, 0.0, 0.0, 0.0, 0.0, 0.0, 0.0, 0.0, 0.0],
        "energies": [-3.65545308, -3.6926791, -3.71274567, -3.71877412, -3.71237765, -3.69753874, -3.6760886, -3.64708329, -3.61422295, -3.57745986, -3.53758031],
        "lattices": [[[0.0, 1.755781, 1.755781], [1.755781, 0.0, 1.755781], [1.755781, 1.755781, 0.0]], [[0.0, 1.777195, 1.777195], [1.777195, 0.0, 1.777195], [1.777195, 1.777195, 0.0]], [[0.0, 1.798105, 1.798105], [1.798105, 0.0, 1.798105], [1.798105, 1.798105, 0.0]], [[0.0, 1.81854, 1.81854], [1.81854, 0.0, 1.81854], [1.81854, 1.81854, 0.0]], [[0.0, 1.838526, 1.838526], [1.838526, 0.0, 1.838526], [1.838526, 1.838526, 0.0]], [[0.0, 1.858086, 1.858086], [1.858086, 0.0, 1.858086], [1.858086, 1.858086, 0.0]], [[0.0, 1.877243, 1.877243], [1.877243, 0.0, 1.877243], [1.877243, 1.877243, 0.0]], [[0.0, 1.895645, 1.895645], [1.895645, 0.0, 1.895645], [1.895645, 1.895645, 0.0]], [[0.0, 1.913696, 1.913696], [1.913696, 0.0, 1.913696], [1.913696, 1.913696, 0.0]], [[0.0, 1.931413, 1.931413], [1.931413, 0.0, 1.931413], [1.931413, 1.931413, 0.0]], [[0.0, 1.948811, 1.948811], [1.948811, 0.0, 1.948811], [1.948811, 1.948811, 0.0]]],
        "metatag": "de8342de-809a-494c-86d4-04803da454a5",
        "natoms": 1,
        "pressures": [188.05882831, 112.39134826000002, 50.48333671, 3.1204635999999994, -38.79512667, -75.46057952, -102.49237073, -124.60408259, -142.24702885, -156.37740009, -167.58110243],
        "stresses": [[[188.05882831, -0.0, -0.0], [0.0, 188.05882831, -0.0], [0.0, 0.0, 188.05882831]], [[112.39134826, 0.0, -0.0], [-0.0, 112.39134826, 0.0], [-0.0, -0.0, 112.39134826]], [[50.48333671, -0.0, -0.0], [0.0, 50.48333671, -0.0], [0.0, -0.0, 50.48333671]], [[3.1204636, 0.0, -0.0], [0.0, 3.1204636, 0.0], [-0.0, 0.0, 3.1204636]], [[-38.79512667, -0.0, -0.0], [0.0, -38.79512667, -0.0], [-0.0, 0.0, -38.79512667]], [[-75.46057952, 0.0, -0.0], [-0.0, -75.46057952, 0.0], [0.0, 0.0, -75.46057952]], [[-102.49237073, 0.0, 0.0], [-0.0, -102.49237073, 0.0], [0.0, 0.0, -102.49237073]], [[-124.60408259, 0.0, -0.0], [-0.0, -124.60408259, -0.0], [-0.0, -0.0, -124.60408259]], [[-142.24702885, 0.0, 0.0], [0.0, -142.24702885, 0.0], [0.0, 0.0, -142.24702885]], [[-156.37740009, 0.0, -0.0], [-0.0, -156.37740009, -0.0], [0.0, 0.0, -156.37740009]], [[-167.58110243, 0.0, 0.0], [0.0, -167.58110243, 0.0], [0.0, 0.0, -167.58110243]]],
        "volumes": [10.82532717099209, 11.22626381436738, 11.627199969460015, 12.02814264684773, 12.429089733537992, 12.830022823075877, 13.230963653120536, 13.623886747490923, 14.016798914945158, 14.409716828111325, 14.802639502173873]
    },

    "ENCUT": 520.0,
    "Gruneisen parameter": 2.232,
    "LSORBIT": false,
    "LTC quality": 0,
    "METADATA": {
        "tag": "de8342de-809a-494c-86d4-04803da454a5"
    },

    "NEDOS": 5001,
    "Postprocess time": "2020-08-30 15:32:57.664466",
    "bandgap": 0.0,
    "command": "dfttk thfind -py -td -50 -plot find_or_DFT -fitF -renew -get -ss 30",
    "kpoints": {
        "generation_style": "Monkhorst",
        "kpoints": [20, 20, 20]
    },

    "phonon quality": "     1.0",
    "pseudo_potential": {
        "functional": "pbe",
        "labels": ["Cu"],
        "pot_type": "paw"
    }
}
