0.000000 1.827114 1.827114
1.827114 0.000000 1.827114
1.827114 1.827114 0.000000
0.000000 3.654228 3.654228
3.654228 0.000000 3.654228
3.654228 3.654228 0.000000
8 8
direct
0.000000 0.000000 0.000000 Cu
0.000000 0.000000 0.500000 Cu
0.000000 0.500000 0.000000 Cu
0.000000 0.500000 0.500000 Cu
0.500000 0.000000 0.000000 Cu
0.500000 0.000000 0.500000 Cu
0.500000 0.500000 0.000000 Cu
0.500000 0.500000 0.500000 Cu
-6.3115857125999995 0.0 0.0 1.50587307402 1.59590504682 -0.0 1.50587307402 -0.0 1.59590504682 0.07025264483999999 0.0 -0.0 0.07025264483999999 0.0 -0.0 1.50587307402 -0.0 -1.59590504682 1.50587307402 -1.59590504682 -0.0 0.14758812684 0.0 -0.0
0.0 -6.3115857125999995 0.0 1.59590504682 1.50587307402 -0.0 -0.0 0.07025264483999999 0.0 0.0 1.50587307402 -1.59590504682 0.0 1.50587307402 1.59590504682 -0.0 0.07025264483999999 0.0 -1.59590504682 1.50587307402 -0.0 0.0 0.14758812684 0.0
0.0 0.0 -6.3115857125999995 -0.0 -0.0 0.07025264483999999 1.59590504682 0.0 1.50587307402 -0.0 -1.59590504682 1.50587307402 -0.0 1.59590504682 1.50587307402 -1.59590504682 0.0 1.50587307402 -0.0 -0.0 0.07025264483999999 -0.0 0.0 0.14758812684
1.50587307402 1.59590504682 -0.0 -6.3115857125999995 0.0 0.0 0.07025264483999999 0.0 -0.0 1.50587307402 -0.0 1.59590504682 1.50587307402 -0.0 -1.59590504682 0.07025264483999999 0.0 -0.0 0.14758812684 0.0 -0.0 1.50587307402 -1.59590504682 -0.0
1.59590504682 1.50587307402 -0.0 0.0 -6.3115857125999995 0.0 0.0 1.50587307402 -1.59590504682 -0.0 0.07025264483999999 0.0 -0.0 0.07025264483999999 0.0 0.0 1.50587307402 1.59590504682 0.0 0.14758812684 0.0 -1.59590504682 1.50587307402 -0.0
-0.0 -0.0 0.07025264483999999 0.0 0.0 -6.3115857125999995 -0.0 -1.59590504682 1.50587307402 1.59590504682 0.0 1.50587307402 -1.59590504682 0.0 1.50587307402 -0.0 1.59590504682 1.50587307402 -0.0 0.0 0.14758812684 -0.0 -0.0 0.07025264483999999
1.50587307402 -0.0 1.59590504682 0.07025264483999999 0.0 -0.0 -6.3115857125999995 0.0 0.0 1.50587307402 1.59590504682 -0.0 1.50587307402 -1.59590504682 -0.0 0.14758812684 0.0 -0.0 0.07025264483999999 0.0 -0.0 1.50587307402 -0.0 -1.59590504682
-0.0 0.07025264483999999 0.0 0.0 1.50587307402 -1.59590504682 0.0 -6.3115857125999995 0.0 1.59590504682 1.50587307402 -0.0 -1.59590504682 1.50587307402 -0.0 0.0 0.14758812684 0.0 0.0 1.50587307402 1.59590504682 -0.0 0.07025264483999999 0.0
1.59590504682 0.0 1.50587307402 -0.0 -1.59590504682 1.50587307402 0.0 0.0 -6.3115857125999995 -0.0 -0.0 0.07025264483999999 -0.0 -0.0 0.07025264483999999 -0.0 0.0 0.14758812684 -0.0 1.59590504682 1.50587307402 -1.59590504682 0.0 1.50587307402
0.07025264483999999 0.0 -0.0 1.50587307402 -0.0 1.59590504682 1.50587307402 1.59590504682 -0.0 -6.3115857125999995 0.0 0.0 0.14758812684 0.0 -0.0 1.50587307402 -1.59590504682 -0.0 1.50587307402 -0.0 -1.59590504682 0.07025264483999999 0.0 -0.0
0.0 1.50587307402 -1.59590504682 -0.0 0.07025264483999999 0.0 1.59590504682 1.50587307402 -0.0 0.0 -6.3115857125999995 0.0 0.0 0.14758812684 0.0 -1.59590504682 1.50587307402 -0.0 -0.0 0.07025264483999999 0.0 0.0 1.50587307402 1.59590504682
-0.0 -1.59590504682 1.50587307402 1.59590504682 0.0 1.50587307402 -0.0 -0.0 0.07025264483999999 0.0 0.0 -6.3115857125999995 -0.0 0.0 0.14758812684 -0.0 -0.0 0.07025264483999999 -1.59590504682 0.0 1.50587307402 -0.0 1.59590504682 1.50587307402
0.07025264483999999 0.0 -0.0 1.50587307402 -0.0 -1.59590504682 1.50587307402 -1.59590504682 -0.0 0.14758812684 0.0 -0.0 -6.3115857125999995 0.0 0.0 1.50587307402 1.59590504682 -0.0 1.50587307402 -0.0 1.59590504682 0.07025264483999999 0.0 -0.0
0.0 1.50587307402 1.59590504682 -0.0 0.07025264483999999 0.0 -1.59590504682 1.50587307402 -0.0 0.0 0.14758812684 0.0 0.0 -6.3115857125999995 0.0 1.59590504682 1.50587307402 -0.0 -0.0 0.07025264483999999 0.0 0.0 1.50587307402 -1.59590504682
-0.0 1.59590504682 1.50587307402 -1.59590504682 0.0 1.50587307402 -0.0 -0.0 0.07025264483999999 -0.0 0.0 0.14758812684 0.0 0.0 -6.3115857125999995 -0.0 -0.0 0.07025264483999999 1.59590504682 0.0 1.50587307402 -0.0 -1.59590504682 1.50587307402
1.50587307402 -0.0 -1.59590504682 0.07025264483999999 0.0 -0.0 0.14758812684 0.0 -0.0 1.50587307402 -1.59590504682 -0.0 1.50587307402 1.59590504682 -0.0 -6.3115857125999995 0.0 0.0 0.07025264483999999 0.0 -0.0 1.50587307402 -0.0 1.59590504682
-0.0 0.07025264483999999 0.0 0.0 1.50587307402 1.59590504682 0.0 0.14758812684 0.0 -1.59590504682 1.50587307402 -0.0 1.59590504682 1.50587307402 -0.0 0.0 -6.3115857125999995 0.0 0.0 1.50587307402 -1.59590504682 -0.0 0.07025264483999999 0.0
-1.59590504682 0.0 1.50587307402 -0.0 1.59590504682 1.50587307402 -0.0 0.0 0.14758812684 -0.0 -0.0 0.07025264483999999 -0.0 -0.0 0.07025264483999999 0.0 0.0 -6.3115857125999995 -0.0 -1.59590504682 1.50587307402 1.59590504682 0.0 1.50587307402
1.50587307402 -1.59590504682 -0.0 0.14758812684 0.0 -0.0 0.07025264483999999 0.0 -0.0 1.50587307402 -0.0 -1.59590504682 1.50587307402 -0.0 1.59590504682 0.07025264483999999 0.0 -0.0 -6.3115857125999995 0.0 0.0 1.50587307402 1.59590504682 -0.0
-1.59590504682 1.50587307402 -0.0 0.0 0.14758812684 0.0 0.0 1.50587307402 1.59590504682 -0.0 0.07025264483999999 0.0 -0.0 0.07025264483999999 0.0 0.0 1.50587307402 -1.59590504682 0.0 -6.3115857125999995 0.0 1.59590504682 1.50587307402 -0.0
-0.0 -0.0 0.07025264483999999 -0.0 0.0 0.14758812684 -0.0 1.59590504682 1.50587307402 -1.59590504682 0.0 1.50587307402 1.59590504682 0.0 1.50587307402 -0.0 -1.59590504682 1.50587307402 0.0 0.0 -6.3115857125999995 -0.0 -0.0 0.07025264483999999
0.14758812684 0.0 -0.0 1.50587307402 -1.59590504682 -0.0 1.50587307402 -0.0 -1.59590504682 0.07025264483999999 0.0 -0.0 0.07025264483999999 0.0 -0.0 1.50587307402 -0.0 1.59590504682 1.50587307402 1.59590504682 -0.0 -6.3115857125999995 0.0 0.0
0.0 0.14758812684 0.0 -1.59590504682 1.50587307402 -0.0 -0.0 0.07025264483999999 0.0 0.0 1.50587307402 1.59590504682 0.0 1.50587307402 -1.59590504682 -0.0 0.07025264483999999 0.0 1.59590504682 1.50587307402 -0.0 0.0 -6.3115857125999995 0.0
-0.0 0.0 0.14758812684 -0.0 -0.0 0.07025264483999999 -1.59590504682 0.0 1.50587307402 -0.0 1.59590504682 1.50587307402 -0.0 -1.59590504682 1.50587307402 1.59590504682 0.0 1.50587307402 -0.0 -0.0 0.07025264483999999 0.0 0.0 -6.3115857125999995
