2.877505 1.661282 2.369760
-2.877505 1.661282 2.369760
0.000000 -3.322599 2.369714
5.755010 3.322564 4.739520
-5.755010 3.322564 4.739520
0.000000 -6.645198 4.739428
40 8
direct
0.499313 0.499313 0.499313 Ba
0.499313 0.499313 0.999313 Ba
0.499312 0.999313 0.499313 Ba
0.499313 0.999313 0.999313 Ba
0.999313 0.499312 0.499313 Ba
0.999313 0.499313 0.999313 Ba
0.999313 0.999313 0.499313 Ba
0.999312 0.999312 0.999313 Ba
0.241897 0.241897 0.241894 Ti
0.241897 0.241897 0.741894 Ti
0.241897 0.741897 0.241894 Ti
0.241897 0.741897 0.741894 Ti
0.741897 0.241897 0.241894 Ti
0.741897 0.241897 0.741894 Ti
0.741897 0.741897 0.241894 Ti
0.741897 0.741897 0.741894 Ti
0.257383 0.013271 0.257383 O
0.257383 0.013271 0.757383 O
0.257383 0.513271 0.257383 O
0.257383 0.513271 0.757383 O
0.757383 0.013271 0.257383 O
0.757383 0.013271 0.757383 O
0.757383 0.513271 0.257383 O
0.757383 0.513271 0.757383 O
0.257382 0.257382 0.013272 O
0.257382 0.257382 0.513272 O
0.257382 0.757382 0.013272 O
0.257382 0.757382 0.513272 O
0.757382 0.257382 0.013272 O
0.757382 0.257382 0.513272 O
0.757382 0.757382 0.013272 O
0.757382 0.757382 0.513272 O
0.013271 0.257383 0.257383 O
0.013271 0.257383 0.757383 O
0.013271 0.757383 0.257383 O
0.013271 0.757383 0.757383 O
0.513271 0.257383 0.257383 O
0.513271 0.257383 0.757383 O
0.513271 0.757383 0.257383 O
0.513271 0.757383 0.757383 O
-6.84119581341 0.00131696593 0.021719638319999998 -0.40919051536 0.00390969969 -0.00415963483 0.7569107189800001 -0.66932081184 -0.96964946776 0.16118619297999998 -0.11571447674 -0.11836076803000001 0.7596737382200001 0.66916837887 0.9639696230399999 0.15969070194999999 0.12182140843 0.12960098298 0.36871887519 0.00114118737 0.00871614469 0.0042530171900000005 -0.00157239415 -0.00109998927 -0.674887336600102 -0.00852312922853331 -0.008073903313529269 -0.6947311210621577 -0.005294216604803918 -0.008520696597224623 1.494647598157698 -1.2657264506079955 0.689056603096096 1.6159767064326245 1.4890493026393086 -0.8880223287106375 1.496957787023847 1.256924379656066 -0.6818770972270604 1.597140842209468 -1.4900831709455 0.888817799148578 -0.9362289724777676 -0.00013055121356615572 -0.006541345589057007 -0.7386530902175888 -0.0038670729037080533 -0.009742688391287956 -0.046245114898872904 0.12063610818552188 0.07265335033247318 -0.07921158140122786 0.04135093359740284 0.18217969977590695 0.28391829630844867 0.006884947318838453 0.039074232267909494 0.31276870055544415 -0.30512297780778797 -0.12604872302012343 -0.2493801230822331 0.05159116774278308 0.19056744809584805 -0.3993452256027497 0.2728169750018003 0.1938997663481372 0.5737334224964581 -0.2934221298385038 -0.28982496986268913 0.4165575938998458 -0.13730191816468734 -0.5191718087324687 0.16121314145453405 -0.0015215508576354585 0.005361521475549715 0.29777490903258974 0.001679049652510848 0.005280897092458743 -0.08219140235070063 0.15134743569339618 -0.005313240594977796 -0.1323435186045925 -0.2501291798507178 0.16516420497240505 -0.08565450085230591 -0.15116274960654827 0.006893853500691526 -0.11944314856362347 0.23132588622681494 -0.18264094624661345 0.07678534996588554 0.0024735748230875895 0.001207490760711319 0.16991401237857268 0.00129092762228221 0.004441372266203318 -0.04422669284311866 -0.1190901825143938 -0.06977430986186413 -0.07284975507965409 -0.03849204922256653 -0.17921675369731369 -0.2570080334661831 -0.05089226684052353 -0.19100244476740869 -0.4025936382470546 -0.27214338640586005 -0.19335367677661983 0.2875051438631704 -0.005957298166878942 -0.043472011117674084 0.320060519761044 0.3169541372799749 0.12363702272359403 0.5711112550603482 0.3237650226655089 0.2885199798480073 0.4067575126365728 0.14614856922326838 0.5276514313494204
0.00131696593 -6.84243175641 0.0125104897 0.00390969969 1.14105965589 -1.1172141956100001 -0.66932081184 -0.02500999324 0.5550070705 -0.11571447674 0.29479437781999995 -0.06833116866 0.66916837887 -0.013040571919999999 0.55653002693 0.12182140843 0.29771257657 -0.06475792011999999 0.00114118737 0.08869264295 0.14461357062 -0.00157239415 0.006068480130000001 -0.00063582401 -0.00852312922853331 -0.6650173405036596 -0.004677139129500535 -0.0017109506871092457 2.2283819078691236 0.800592748599355 -1.2693121491569987 0.03911022442684983 -0.4076619764638277 1.4890493026393086 -0.10345007903318643 -0.5126973202331746 1.2569260014102719 0.04556318441169124 -0.3936784008243969 -1.462746071175588 -0.07582998315436408 -0.5207095968868838 -0.027467650983478007 2.4574181999674374 1.0301123234509943 -0.0038670729037080533 -0.7341567766820339 -0.005645326390357615 0.11825159518096502 0.09243726145304071 -0.03575269518312672 0.14962573011727326 -0.19343898862384404 -0.11131696074231469 0.009681019674289934 0.2928174469653215 -0.016461905289371432 -0.5071081510392751 0.18822840349338324 0.2634847026590202 -0.056639097867821966 -0.028163690751482215 -0.10205968782566568 0.27736194022534727 -0.08215343389122175 -0.11054962286371048 -0.16887152035534986 -0.0835863916767398 -0.0435704478644712 -0.14110392032312272 0.24843044284884755 0.3048684485053554 0.0008629621469214047 -0.11501349495775313 0.08079360054618155 -0.001114678970874036 0.27896317797324705 0.04206858435619517 0.043072170427112456 -0.19046338639209112 0.2134249294485523 -0.04814306912640401 0.6333256227681936 -0.24089487550832145 -0.042932952742356534 -0.19188650050292946 0.21606115927706177 0.10677433925083434 0.6095629920913692 -0.22920058998882378 -0.0020709216540460433 -0.5582666658425642 0.2231870422523465 0.0050919922878909386 0.4950716806380542 -0.6020325809613897 -0.1190901825143938 0.09328662995397584 -0.04028125428220749 -0.15721379705609112 -0.2053896784314275 -0.11707879165483934 0.06782994973941438 -0.021238899987511595 -0.09666394786194363 -0.2721443238986867 -0.08833713657573405 -0.11162867710717223 -0.00595917315253222 0.29437181007188934 -0.025098557954785272 0.4687070386208926 0.20117283569720426 0.26176487206855054 0.17201305881741788 -0.04986571219535359 -0.023816536514356137 0.14614903796968168 0.23798067905671347 0.30463595028434887
0.021719638319999998 0.0125104897 -6.88571448027 -0.00415963483 -1.1172141956100001 0.40117611163999994 -0.96964946776 0.5550070705 0.40120632357999997 -0.11836076803000001 -0.06833116866 0.21563909502 0.9639696230399999 0.55653002693 0.40794907928 0.12960098298 -0.06475792011999999 0.22424949791999998 0.00871614469 0.14461357062 0.22425361773 -0.00109998927 -0.00063582401 -0.01382333582 -0.01213964110744669 -0.007024628342382652 1.9129604453680567 0.004506854937892506 1.2726878305363523 -0.35940992357893536 1.104425966422944 -0.6324273788611915 -0.3594391151546396 -0.918469953047256 -0.5302755140697405 -0.15648955033357304 -1.0850378948927157 -0.6264382405792063 -0.3647430622846783 0.9114939773310471 -0.530372819322088 -0.15682687520837751 -0.0035727245153570316 1.0545821617850681 -0.15679768363267327 -0.022727263439951628 -0.013141885206625377 2.73203957015922 0.07573207677515638 -0.0437856024681849 -0.10008907790407003 0.2743849317543544 -0.148768861673725 -0.07908314488397829 -0.3072023368972737 0.17016713544176526 0.5950768529341399 -0.10638949844549894 0.07830268210580113 0.38709735056912165 0.27808099722337953 -0.1638849960104558 -0.07699253588057281 0.0674169841492798 -0.03993297569711102 -0.1770975511626957 -0.14755293347757392 0.0017788926385479255 0.37956084573576887 -0.4260079903387825 0.24430734939728824 -0.23535194917081706 -5.578082318503376e-05 0.08747651816087924 -0.10008720291841675 -0.006228702340190996 -0.35112340707890805 0.5950726342164201 0.008353061085355476 0.3120008939304266 -0.07907564494136517 0.014620669377851999 -0.13127758926070368 0.3870907881193351 -0.0028912278773553634 0.32276190534100496 -0.07698550468437303 -0.07223194730689884 -0.1286676092313401 0.379558033257289 -0.0008765557929076734 0.07834393179017327 -0.17709333244497583 -0.0014254578429049383 -0.4910709300003712 -0.2353674178024566 -0.07102680027825413 -0.04100452999795965 -0.09960251912704428 -0.2795828607316556 -0.15772519939302282 -0.07315303400907189 -0.2763860101928159 -0.16325734456302088 -0.07315256526265856 -0.0601940706664379 -0.03475051535144939 -0.18123189452817468 0.29720913211171296 0.17158978080619028 0.6374402787843131 0.10127922504748853 0.12695012237293704 0.3861870450344549 0.1605836150214458 0.024227158372424118 0.38618329506314836 0.4197853817019647 0.24236064554277192 -0.21813067469186784
-0.40919051536 0.00390969969 -0.00415963483 -6.84119581341 0.00131696593 0.021719638319999998 0.16118619297999998 -0.11571447674 -0.11836076803000001 0.7569107189800001 -0.66932081184 -0.96964946776 0.15969070194999999 0.12182140843 0.12960098298 0.7596737382200001 0.66916837887 0.9639696230399999 0.0042530171900000005 -0.00157239415 -0.00109998927 0.36871887519 0.00114118737 0.00871614469 -0.6947311210621577 -0.005294216604803918 -0.008520696597224623 -0.674887336600102 -0.00852312922853331 -0.008073903313529269 1.6159767064326245 1.4890493026393086 -0.8880223287106375 1.494647598157698 -1.2657264506079955 0.689056603096096 1.597140842209468 -1.4900831709455 0.888817799148578 1.496957787023847 1.256924379656066 -0.6818770972270604 -0.7386530902175888 -0.0038670729037080533 -0.009742688391287956 -0.9362289724777676 -0.00013055121356615572 -0.006541345589057007 -0.07921158140122786 0.04135093359740284 0.18217969977590695 -0.046245114898872904 0.12063610818552188 0.07265335033247318 0.31276870055544415 -0.30512297780778797 -0.12604872302012343 0.28391829630844867 0.006884947318838453 0.039074232267909494 -0.3993452256027497 0.2728169750018003 0.1938997663481372 -0.2493801230822331 0.05159116774278308 0.19056744809584805 0.4165575938998458 -0.13730191816468734 -0.5191718087324687 0.5737334224964581 -0.2934221298385038 -0.28982496986268913 0.29777490903258974 0.001679049652510848 0.005280897092458743 0.16121314145453405 -0.0015215508576354585 0.005361521475549715 -0.1323435186045925 -0.2501291798507178 0.16516420497240505 -0.08219140235070063 0.15134743569339618 -0.005313240594977796 -0.11944314856362347 0.23132588622681494 -0.18264094624661345 -0.08565450085230591 -0.15116274960654827 0.006893853500691526 0.16991401237857268 0.00129092762228221 0.004441372266203318 0.07678534996588554 0.0024735748230875895 0.001207490760711319 -0.07284975507965409 -0.03849204922256653 -0.17921675369731369 -0.04422669284311866 -0.1190901825143938 -0.06977430986186413 -0.4025936382470546 -0.27214338640586005 -0.19335367677661983 -0.2570080334661831 -0.05089226684052353 -0.19100244476740869 0.320060519761044 0.3169541372799749 0.12363702272359403 0.2875051438631704 -0.005957298166878942 -0.043472011117674084 0.4067575126365728 0.14614856922326838 0.5276514313494204 0.5711112550603482 0.3237650226655089 0.2885199798480073
0.00390969969 1.14105965589 -1.1172141956100001 0.00131696593 -6.84243175641 0.0125104897 -0.11571447674 0.29479437781999995 -0.06833116866 -0.66932081184 -0.02500999324 0.5550070705 0.12182140843 0.29771257657 -0.06475792011999999 0.66916837887 -0.013040571919999999 0.55653002693 -0.00157239415 0.006068480130000001 -0.00063582401 0.00114118737 0.08869264295 0.14461357062 -0.0017109506871092457 2.2283819078691236 0.800592748599355 -0.00852312922853331 -0.6650173405036596 -0.004677139129500535 1.4890493026393086 -0.10345007903318643 -0.5126973202331746 -1.2693121491569987 0.03911022442684983 -0.4076619764638277 -1.462746071175588 -0.07582998315436408 -0.5207095968868838 1.2569260014102719 0.04556318441169124 -0.3936784008243969 -0.0038670729037080533 -0.7341567766820339 -0.005645326390357615 -0.027467650983478007 2.4574181999674374 1.0301123234509943 0.14962573011727326 -0.19343898862384404 -0.11131696074231469 0.11825159518096502 0.09243726145304071 -0.03575269518312672 -0.5071081510392751 0.18822840349338324 0.2634847026590202 0.009681019674289934 0.2928174469653215 -0.016461905289371432 0.27736194022534727 -0.08215343389122175 -0.11054962286371048 -0.056639097867821966 -0.028163690751482215 -0.10205968782566568 -0.14110392032312272 0.24843044284884755 0.3048684485053554 -0.16887152035534986 -0.0835863916767398 -0.0435704478644712 -0.001114678970874036 0.27896317797324705 0.04206858435619517 0.0008629621469214047 -0.11501349495775313 0.08079360054618155 -0.04814306912640401 0.6333256227681936 -0.24089487550832145 0.043072170427112456 -0.19046338639209112 0.2134249294485523 0.10677433925083434 0.6095629920913692 -0.22920058998882378 -0.042932952742356534 -0.19188650050292946 0.21606115927706177 0.0050919922878909386 0.4950716806380542 -0.6020325809613897 -0.0020709216540460433 -0.5582666658425642 0.2231870422523465 -0.15721379705609112 -0.2053896784314275 -0.11707879165483934 -0.1190901825143938 0.09328662995397584 -0.04028125428220749 -0.2721443238986867 -0.08833713657573405 -0.11162867710717223 0.06782994973941438 -0.021238899987511595 -0.09666394786194363 0.4687070386208926 0.20117283569720426 0.26176487206855054 -0.00595917315253222 0.29437181007188934 -0.025098557954785272 0.14614903796968168 0.23798067905671347 0.30463595028434887 0.17201305881741788 -0.04986571219535359 -0.023816536514356137
-0.00415963483 -1.1172141956100001 0.40117611163999994 0.021719638319999998 0.0125104897 -6.88571448027 -0.11836076803000001 -0.06833116866 0.21563909502 -0.96964946776 0.5550070705 0.40120632357999997 0.12960098298 -0.06475792011999999 0.22424949791999998 0.9639696230399999 0.55653002693 0.40794907928 -0.00109998927 -0.00063582401 -0.01382333582 0.00871614469 0.14461357062 0.22425361773 0.004506854937892506 1.2726878305363523 -0.35940992357893536 -0.01213964110744669 -0.007024628342382652 1.9129604453680567 -0.918469953047256 -0.5302755140697405 -0.15648955033357304 1.104425966422944 -0.6324273788611915 -0.3594391151546396 0.9114939773310471 -0.530372819322088 -0.15682687520837751 -1.0850378948927157 -0.6264382405792063 -0.3647430622846783 -0.022727263439951628 -0.013141885206625377 2.73203957015922 -0.0035727245153570316 1.0545821617850681 -0.15679768363267327 0.2743849317543544 -0.148768861673725 -0.07908314488397829 0.07573207677515638 -0.0437856024681849 -0.10008907790407003 -0.10638949844549894 0.07830268210580113 0.38709735056912165 -0.3072023368972737 0.17016713544176526 0.5950768529341399 0.0674169841492798 -0.03993297569711102 -0.1770975511626957 0.27808099722337953 -0.1638849960104558 -0.07699253588057281 -0.4260079903387825 0.24430734939728824 -0.23535194917081706 -0.14755293347757392 0.0017788926385479255 0.37956084573576887 -0.006228702340190996 -0.35112340707890805 0.5950726342164201 -5.578082318503376e-05 0.08747651816087924 -0.10008720291841675 0.014620669377851999 -0.13127758926070368 0.3870907881193351 0.008353061085355476 0.3120008939304266 -0.07907564494136517 -0.07223194730689884 -0.1286676092313401 0.379558033257289 -0.0028912278773553634 0.32276190534100496 -0.07698550468437303 -0.0014254578429049383 -0.4910709300003712 -0.2353674178024566 -0.0008765557929076734 0.07834393179017327 -0.17709333244497583 -0.2795828607316556 -0.15772519939302282 -0.07315303400907189 -0.07102680027825413 -0.04100452999795965 -0.09960251912704428 -0.0601940706664379 -0.03475051535144939 -0.18123189452817468 -0.2763860101928159 -0.16325734456302088 -0.07315256526265856 0.10127922504748853 0.12695012237293704 0.3861870450344549 0.29720913211171296 0.17158978080619028 0.6374402787843131 0.4197853817019647 0.24236064554277192 -0.21813067469186784 0.1605836150214458 0.024227158372424118 0.38618329506314836
0.7569107189800001 -0.66932081184 -0.96964946776 0.16118619297999998 -0.11571447674 -0.11836076803000001 -6.84119581341 0.00131696593 0.021719638319999998 -0.40919051536 0.00390969969 -0.00415963483 0.36871887519 0.00114118737 0.00871614469 0.0042530171900000005 -0.00157239415 -0.00109998927 0.7596737382200001 0.66916837887 0.9639696230399999 0.15969070194999999 0.12182140843 0.12960098298 1.494647598157698 -1.2657264506079955 0.689056603096096 1.6159767064326245 1.4890493026393086 -0.8880223287106375 -0.674887336600102 -0.00852312922853331 -0.008073903313529269 -0.6947311210621577 -0.005294216604803918 -0.008520696597224623 -0.9362289724777676 -0.00013055121356615572 -0.006541345589057007 -0.7386530902175888 -0.0038670729037080533 -0.009742688391287956 1.496957787023847 1.256924379656066 -0.6818770972270604 1.597140842209468 -1.4900831709455 0.888817799148578 0.28391829630844867 0.006884947318838453 0.039074232267909494 0.31276870055544415 -0.30512297780778797 -0.12604872302012343 -0.046245114898872904 0.12063610818552188 0.07265335033247318 -0.07921158140122786 0.04135093359740284 0.18217969977590695 0.5737334224964581 -0.2934221298385038 -0.28982496986268913 0.4165575938998458 -0.13730191816468734 -0.5191718087324687 -0.2493801230822331 0.05159116774278308 0.19056744809584805 -0.3993452256027497 0.2728169750018003 0.1938997663481372 -0.08219140235070063 0.15134743569339618 -0.005313240594977796 -0.1323435186045925 -0.2501291798507178 0.16516420497240505 0.16121314145453405 -0.0015215508576354585 0.005361521475549715 0.29777490903258974 0.001679049652510848 0.005280897092458743 0.07678534996588554 0.0024735748230875895 0.001207490760711319 0.16991401237857268 0.00129092762228221 0.004441372266203318 -0.08565450085230591 -0.15116274960654827 0.006893853500691526 -0.11944314856362347 0.23132588622681494 -0.18264094624661345 -0.2570080334661831 -0.05089226684052353 -0.19100244476740869 -0.4025936382470546 -0.27214338640586005 -0.19335367677661983 -0.04422669284311866 -0.1190901825143938 -0.06977430986186413 -0.07284975507965409 -0.03849204922256653 -0.17921675369731369 0.5711112550603482 0.3237650226655089 0.2885199798480073 0.4067575126365728 0.14614856922326838 0.5276514313494204 0.2875051438631704 -0.005957298166878942 -0.043472011117674084 0.320060519761044 0.3169541372799749 0.12363702272359403
-0.66932081184 -0.02500999324 0.5550070705 -0.11571447674 0.29479437781999995 -0.06833116866 0.00131696593 -6.84243175641 0.0125104897 0.00390969969 1.14105965589 -1.1172141956100001 0.00114118737 0.08869264295 0.14461357062 -0.00157239415 0.006068480130000001 -0.00063582401 0.66916837887 -0.013040571919999999 0.55653002693 0.12182140843 0.29771257657 -0.06475792011999999 -1.2693121491569987 0.03911022442684983 -0.4076619764638277 1.4890493026393086 -0.10345007903318643 -0.5126973202331746 -0.00852312922853331 -0.6650173405036596 -0.004677139129500535 -0.0017109506871092457 2.2283819078691236 0.800592748599355 -0.027467650983478007 2.4574181999674374 1.0301123234509943 -0.0038670729037080533 -0.7341567766820339 -0.005645326390357615 1.2569260014102719 0.04556318441169124 -0.3936784008243969 -1.462746071175588 -0.07582998315436408 -0.5207095968868838 0.009681019674289934 0.2928174469653215 -0.016461905289371432 -0.5071081510392751 0.18822840349338324 0.2634847026590202 0.11825159518096502 0.09243726145304071 -0.03575269518312672 0.14962573011727326 -0.19343898862384404 -0.11131696074231469 -0.16887152035534986 -0.0835863916767398 -0.0435704478644712 -0.14110392032312272 0.24843044284884755 0.3048684485053554 -0.056639097867821966 -0.028163690751482215 -0.10205968782566568 0.27736194022534727 -0.08215343389122175 -0.11054962286371048 0.043072170427112456 -0.19046338639209112 0.2134249294485523 -0.04814306912640401 0.6333256227681936 -0.24089487550832145 0.0008629621469214047 -0.11501349495775313 0.08079360054618155 -0.001114678970874036 0.27896317797324705 0.04206858435619517 -0.0020709216540460433 -0.5582666658425642 0.2231870422523465 0.0050919922878909386 0.4950716806380542 -0.6020325809613897 -0.042932952742356534 -0.19188650050292946 0.21606115927706177 0.10677433925083434 0.6095629920913692 -0.22920058998882378 0.06782994973941438 -0.021238899987511595 -0.09666394786194363 -0.2721443238986867 -0.08833713657573405 -0.11162867710717223 -0.1190901825143938 0.09328662995397584 -0.04028125428220749 -0.15721379705609112 -0.2053896784314275 -0.11707879165483934 0.17201305881741788 -0.04986571219535359 -0.023816536514356137 0.14614903796968168 0.23798067905671347 0.30463595028434887 -0.00595917315253222 0.29437181007188934 -0.025098557954785272 0.4687070386208926 0.20117283569720426 0.26176487206855054
-0.96964946776 0.5550070705 0.40120632357999997 -0.11836076803000001 -0.06833116866 0.21563909502 0.021719638319999998 0.0125104897 -6.88571448027 -0.00415963483 -1.1172141956100001 0.40117611163999994 0.00871614469 0.14461357062 0.22425361773 -0.00109998927 -0.00063582401 -0.01382333582 0.9639696230399999 0.55653002693 0.40794907928 0.12960098298 -0.06475792011999999 0.22424949791999998 1.104425966422944 -0.6324273788611915 -0.3594391151546396 -0.918469953047256 -0.5302755140697405 -0.15648955033357304 -0.01213964110744669 -0.007024628342382652 1.9129604453680567 0.004506854937892506 1.2726878305363523 -0.35940992357893536 -0.0035727245153570316 1.0545821617850681 -0.15679768363267327 -0.022727263439951628 -0.013141885206625377 2.73203957015922 -1.0850378948927157 -0.6264382405792063 -0.3647430622846783 0.9114939773310471 -0.530372819322088 -0.15682687520837751 -0.3072023368972737 0.17016713544176526 0.5950768529341399 -0.10638949844549894 0.07830268210580113 0.38709735056912165 0.07573207677515638 -0.0437856024681849 -0.10008907790407003 0.2743849317543544 -0.148768861673725 -0.07908314488397829 -0.14755293347757392 0.0017788926385479255 0.37956084573576887 -0.4260079903387825 0.24430734939728824 -0.23535194917081706 0.27808099722337953 -0.1638849960104558 -0.07699253588057281 0.0674169841492798 -0.03993297569711102 -0.1770975511626957 0.008353061085355476 0.3120008939304266 -0.07907564494136517 0.014620669377851999 -0.13127758926070368 0.3870907881193351 -5.578082318503376e-05 0.08747651816087924 -0.10008720291841675 -0.006228702340190996 -0.35112340707890805 0.5950726342164201 -0.0008765557929076734 0.07834393179017327 -0.17709333244497583 -0.0014254578429049383 -0.4910709300003712 -0.2353674178024566 -0.0028912278773553634 0.32276190534100496 -0.07698550468437303 -0.07223194730689884 -0.1286676092313401 0.379558033257289 -0.2763860101928159 -0.16325734456302088 -0.07315256526265856 -0.0601940706664379 -0.03475051535144939 -0.18123189452817468 -0.07102680027825413 -0.04100452999795965 -0.09960251912704428 -0.2795828607316556 -0.15772519939302282 -0.07315303400907189 0.1605836150214458 0.024227158372424118 0.38618329506314836 0.4197853817019647 0.24236064554277192 -0.21813067469186784 0.29720913211171296 0.17158978080619028 0.6374402787843131 0.10127922504748853 0.12695012237293704 0.3861870450344549
0.16118619297999998 -0.11571447674 -0.11836076803000001 0.7569107189800001 -0.66932081184 -0.96964946776 -0.40919051536 0.00390969969 -0.00415963483 -6.84119581341 0.00131696593 0.021719638319999998 0.0042530171900000005 -0.00157239415 -0.00109998927 0.36871887519 0.00114118737 0.00871614469 0.15969070194999999 0.12182140843 0.12960098298 0.7596737382200001 0.66916837887 0.9639696230399999 1.6159767064326245 1.4890493026393086 -0.8880223287106375 1.494647598157698 -1.2657264506079955 0.689056603096096 -0.6947311210621577 -0.005294216604803918 -0.008520696597224623 -0.674887336600102 -0.00852312922853331 -0.008073903313529269 -0.7386530902175888 -0.0038670729037080533 -0.009742688391287956 -0.9362289724777676 -0.00013055121356615572 -0.006541345589057007 1.597140842209468 -1.4900831709455 0.888817799148578 1.496957787023847 1.256924379656066 -0.6818770972270604 0.31276870055544415 -0.30512297780778797 -0.12604872302012343 0.28391829630844867 0.006884947318838453 0.039074232267909494 -0.07921158140122786 0.04135093359740284 0.18217969977590695 -0.046245114898872904 0.12063610818552188 0.07265335033247318 0.4165575938998458 -0.13730191816468734 -0.5191718087324687 0.5737334224964581 -0.2934221298385038 -0.28982496986268913 -0.3993452256027497 0.2728169750018003 0.1938997663481372 -0.2493801230822331 0.05159116774278308 0.19056744809584805 -0.1323435186045925 -0.2501291798507178 0.16516420497240505 -0.08219140235070063 0.15134743569339618 -0.005313240594977796 0.29777490903258974 0.001679049652510848 0.005280897092458743 0.16121314145453405 -0.0015215508576354585 0.005361521475549715 0.16991401237857268 0.00129092762228221 0.004441372266203318 0.07678534996588554 0.0024735748230875895 0.001207490760711319 -0.11944314856362347 0.23132588622681494 -0.18264094624661345 -0.08565450085230591 -0.15116274960654827 0.006893853500691526 -0.4025936382470546 -0.27214338640586005 -0.19335367677661983 -0.2570080334661831 -0.05089226684052353 -0.19100244476740869 -0.07284975507965409 -0.03849204922256653 -0.17921675369731369 -0.04422669284311866 -0.1190901825143938 -0.06977430986186413 0.4067575126365728 0.14614856922326838 0.5276514313494204 0.5711112550603482 0.3237650226655089 0.2885199798480073 0.320060519761044 0.3169541372799749 0.12363702272359403 0.2875051438631704 -0.005957298166878942 -0.043472011117674084
-0.11571447674 0.29479437781999995 -0.06833116866 -0.66932081184 -0.02500999324 0.5550070705 0.00390969969 1.14105965589 -1.1172141956100001 0.00131696593 -6.84243175641 0.0125104897 -0.00157239415 0.006068480130000001 -0.00063582401 0.00114118737 0.08869264295 0.14461357062 0.12182140843 0.29771257657 -0.06475792011999999 0.66916837887 -0.013040571919999999 0.55653002693 1.4890493026393086 -0.10345007903318643 -0.5126973202331746 -1.2693121491569987 0.03911022442684983 -0.4076619764638277 -0.0017109506871092457 2.2283819078691236 0.800592748599355 -0.00852312922853331 -0.6650173405036596 -0.004677139129500535 -0.0038670729037080533 -0.7341567766820339 -0.005645326390357615 -0.027467650983478007 2.4574181999674374 1.0301123234509943 -1.462746071175588 -0.07582998315436408 -0.5207095968868838 1.2569260014102719 0.04556318441169124 -0.3936784008243969 -0.5071081510392751 0.18822840349338324 0.2634847026590202 0.009681019674289934 0.2928174469653215 -0.016461905289371432 0.14962573011727326 -0.19343898862384404 -0.11131696074231469 0.11825159518096502 0.09243726145304071 -0.03575269518312672 -0.14110392032312272 0.24843044284884755 0.3048684485053554 -0.16887152035534986 -0.0835863916767398 -0.0435704478644712 0.27736194022534727 -0.08215343389122175 -0.11054962286371048 -0.056639097867821966 -0.028163690751482215 -0.10205968782566568 -0.04814306912640401 0.6333256227681936 -0.24089487550832145 0.043072170427112456 -0.19046338639209112 0.2134249294485523 -0.001114678970874036 0.27896317797324705 0.04206858435619517 0.0008629621469214047 -0.11501349495775313 0.08079360054618155 0.0050919922878909386 0.4950716806380542 -0.6020325809613897 -0.0020709216540460433 -0.5582666658425642 0.2231870422523465 0.10677433925083434 0.6095629920913692 -0.22920058998882378 -0.042932952742356534 -0.19188650050292946 0.21606115927706177 -0.2721443238986867 -0.08833713657573405 -0.11162867710717223 0.06782994973941438 -0.021238899987511595 -0.09666394786194363 -0.15721379705609112 -0.2053896784314275 -0.11707879165483934 -0.1190901825143938 0.09328662995397584 -0.04028125428220749 0.14614903796968168 0.23798067905671347 0.30463595028434887 0.17201305881741788 -0.04986571219535359 -0.023816536514356137 0.4687070386208926 0.20117283569720426 0.26176487206855054 -0.00595917315253222 0.29437181007188934 -0.025098557954785272
-0.11836076803000001 -0.06833116866 0.21563909502 -0.96964946776 0.5550070705 0.40120632357999997 -0.00415963483 -1.1172141956100001 0.40117611163999994 0.021719638319999998 0.0125104897 -6.88571448027 -0.00109998927 -0.00063582401 -0.01382333582 0.00871614469 0.14461357062 0.22425361773 0.12960098298 -0.06475792011999999 0.22424949791999998 0.9639696230399999 0.55653002693 0.40794907928 -0.918469953047256 -0.5302755140697405 -0.15648955033357304 1.104425966422944 -0.6324273788611915 -0.3594391151546396 0.004506854937892506 1.2726878305363523 -0.35940992357893536 -0.01213964110744669 -0.007024628342382652 1.9129604453680567 -0.022727263439951628 -0.013141885206625377 2.73203957015922 -0.0035727245153570316 1.0545821617850681 -0.15679768363267327 0.9114939773310471 -0.530372819322088 -0.15682687520837751 -1.0850378948927157 -0.6264382405792063 -0.3647430622846783 -0.10638949844549894 0.07830268210580113 0.38709735056912165 -0.3072023368972737 0.17016713544176526 0.5950768529341399 0.2743849317543544 -0.148768861673725 -0.07908314488397829 0.07573207677515638 -0.0437856024681849 -0.10008907790407003 -0.4260079903387825 0.24430734939728824 -0.23535194917081706 -0.14755293347757392 0.0017788926385479255 0.37956084573576887 0.0674169841492798 -0.03993297569711102 -0.1770975511626957 0.27808099722337953 -0.1638849960104558 -0.07699253588057281 0.014620669377851999 -0.13127758926070368 0.3870907881193351 0.008353061085355476 0.3120008939304266 -0.07907564494136517 -0.006228702340190996 -0.35112340707890805 0.5950726342164201 -5.578082318503376e-05 0.08747651816087924 -0.10008720291841675 -0.0014254578429049383 -0.4910709300003712 -0.2353674178024566 -0.0008765557929076734 0.07834393179017327 -0.17709333244497583 -0.07223194730689884 -0.1286676092313401 0.379558033257289 -0.0028912278773553634 0.32276190534100496 -0.07698550468437303 -0.0601940706664379 -0.03475051535144939 -0.18123189452817468 -0.2763860101928159 -0.16325734456302088 -0.07315256526265856 -0.2795828607316556 -0.15772519939302282 -0.07315303400907189 -0.07102680027825413 -0.04100452999795965 -0.09960251912704428 0.4197853817019647 0.24236064554277192 -0.21813067469186784 0.1605836150214458 0.024227158372424118 0.38618329506314836 0.10127922504748853 0.12695012237293704 0.3861870450344549 0.29720913211171296 0.17158978080619028 0.6374402787843131
0.7596737382200001 0.66916837887 0.9639696230399999 0.15969070194999999 0.12182140843 0.12960098298 0.36871887519 0.00114118737 0.00871614469 0.0042530171900000005 -0.00157239415 -0.00109998927 -6.84119581341 0.00131696593 0.021719638319999998 -0.40919051536 0.00390969969 -0.00415963483 0.7569107189800001 -0.66932081184 -0.96964946776 0.16118619297999998 -0.11571447674 -0.11836076803000001 1.496957787023847 1.256924379656066 -0.6818770972270604 1.597140842209468 -1.4900831709455 0.888817799148578 -0.9362289724777676 -0.00013055121356615572 -0.006541345589057007 -0.7386530902175888 -0.0038670729037080533 -0.009742688391287956 -0.674887336600102 -0.00852312922853331 -0.008073903313529269 -0.6947311210621577 -0.005294216604803918 -0.008520696597224623 1.494647598157698 -1.2657264506079955 0.689056603096096 1.6159767064326245 1.4890493026393086 -0.8880223287106375 -0.2493801230822331 0.05159116774278308 0.19056744809584805 -0.3993452256027497 0.2728169750018003 0.1938997663481372 0.5737334224964581 -0.2934221298385038 -0.28982496986268913 0.4165575938998458 -0.13730191816468734 -0.5191718087324687 -0.046245114898872904 0.12063610818552188 0.07265335033247318 -0.07921158140122786 0.04135093359740284 0.18217969977590695 0.28391829630844867 0.006884947318838453 0.039074232267909494 0.31276870055544415 -0.30512297780778797 -0.12604872302012343 -0.08565450085230591 -0.15116274960654827 0.006893853500691526 -0.11944314856362347 0.23132588622681494 -0.18264094624661345 0.07678534996588554 0.0024735748230875895 0.001207490760711319 0.16991401237857268 0.00129092762228221 0.004441372266203318 0.16121314145453405 -0.0015215508576354585 0.005361521475549715 0.29777490903258974 0.001679049652510848 0.005280897092458743 -0.08219140235070063 0.15134743569339618 -0.005313240594977796 -0.1323435186045925 -0.2501291798507178 0.16516420497240505 0.2875051438631704 -0.005957298166878942 -0.043472011117674084 0.320060519761044 0.3169541372799749 0.12363702272359403 0.5711112550603482 0.3237650226655089 0.2885199798480073 0.4067575126365728 0.14614856922326838 0.5276514313494204 -0.04422669284311866 -0.1190901825143938 -0.06977430986186413 -0.07284975507965409 -0.03849204922256653 -0.17921675369731369 -0.2570080334661831 -0.05089226684052353 -0.19100244476740869 -0.4025936382470546 -0.27214338640586005 -0.19335367677661983
0.66916837887 -0.013040571919999999 0.55653002693 0.12182140843 0.29771257657 -0.06475792011999999 0.00114118737 0.08869264295 0.14461357062 -0.00157239415 0.006068480130000001 -0.00063582401 0.00131696593 -6.84243175641 0.0125104897 0.00390969969 1.14105965589 -1.1172141956100001 -0.66932081184 -0.02500999324 0.5550070705 -0.11571447674 0.29479437781999995 -0.06833116866 1.2569260014102719 0.04556318441169124 -0.3936784008243969 -1.462746071175588 -0.07582998315436408 -0.5207095968868838 -0.027467650983478007 2.4574181999674374 1.0301123234509943 -0.0038670729037080533 -0.7341567766820339 -0.005645326390357615 -0.00852312922853331 -0.6650173405036596 -0.004677139129500535 -0.0017109506871092457 2.2283819078691236 0.800592748599355 -1.2693121491569987 0.03911022442684983 -0.4076619764638277 1.4890493026393086 -0.10345007903318643 -0.5126973202331746 -0.056639097867821966 -0.028163690751482215 -0.10205968782566568 0.27736194022534727 -0.08215343389122175 -0.11054962286371048 -0.16887152035534986 -0.0835863916767398 -0.0435704478644712 -0.14110392032312272 0.24843044284884755 0.3048684485053554 0.11825159518096502 0.09243726145304071 -0.03575269518312672 0.14962573011727326 -0.19343898862384404 -0.11131696074231469 0.009681019674289934 0.2928174469653215 -0.016461905289371432 -0.5071081510392751 0.18822840349338324 0.2634847026590202 -0.042932952742356534 -0.19188650050292946 0.21606115927706177 0.10677433925083434 0.6095629920913692 -0.22920058998882378 -0.0020709216540460433 -0.5582666658425642 0.2231870422523465 0.0050919922878909386 0.4950716806380542 -0.6020325809613897 0.0008629621469214047 -0.11501349495775313 0.08079360054618155 -0.001114678970874036 0.27896317797324705 0.04206858435619517 0.043072170427112456 -0.19046338639209112 0.2134249294485523 -0.04814306912640401 0.6333256227681936 -0.24089487550832145 -0.00595917315253222 0.29437181007188934 -0.025098557954785272 0.4687070386208926 0.20117283569720426 0.26176487206855054 0.17201305881741788 -0.04986571219535359 -0.023816536514356137 0.14614903796968168 0.23798067905671347 0.30463595028434887 -0.1190901825143938 0.09328662995397584 -0.04028125428220749 -0.15721379705609112 -0.2053896784314275 -0.11707879165483934 0.06782994973941438 -0.021238899987511595 -0.09666394786194363 -0.2721443238986867 -0.08833713657573405 -0.11162867710717223
0.9639696230399999 0.55653002693 0.40794907928 0.12960098298 -0.06475792011999999 0.22424949791999998 0.00871614469 0.14461357062 0.22425361773 -0.00109998927 -0.00063582401 -0.01382333582 0.021719638319999998 0.0125104897 -6.88571448027 -0.00415963483 -1.1172141956100001 0.40117611163999994 -0.96964946776 0.5550070705 0.40120632357999997 -0.11836076803000001 -0.06833116866 0.21563909502 -1.0850378948927157 -0.6264382405792063 -0.3647430622846783 0.9114939773310471 -0.530372819322088 -0.15682687520837751 -0.0035727245153570316 1.0545821617850681 -0.15679768363267327 -0.022727263439951628 -0.013141885206625377 2.73203957015922 -0.01213964110744669 -0.007024628342382652 1.9129604453680567 0.004506854937892506 1.2726878305363523 -0.35940992357893536 1.104425966422944 -0.6324273788611915 -0.3594391151546396 -0.918469953047256 -0.5302755140697405 -0.15648955033357304 0.27808099722337953 -0.1638849960104558 -0.07699253588057281 0.0674169841492798 -0.03993297569711102 -0.1770975511626957 -0.14755293347757392 0.0017788926385479255 0.37956084573576887 -0.4260079903387825 0.24430734939728824 -0.23535194917081706 0.07573207677515638 -0.0437856024681849 -0.10008907790407003 0.2743849317543544 -0.148768861673725 -0.07908314488397829 -0.3072023368972737 0.17016713544176526 0.5950768529341399 -0.10638949844549894 0.07830268210580113 0.38709735056912165 -0.0028912278773553634 0.32276190534100496 -0.07698550468437303 -0.07223194730689884 -0.1286676092313401 0.379558033257289 -0.0008765557929076734 0.07834393179017327 -0.17709333244497583 -0.0014254578429049383 -0.4910709300003712 -0.2353674178024566 -5.578082318503376e-05 0.08747651816087924 -0.10008720291841675 -0.006228702340190996 -0.35112340707890805 0.5950726342164201 0.008353061085355476 0.3120008939304266 -0.07907564494136517 0.014620669377851999 -0.13127758926070368 0.3870907881193351 0.29720913211171296 0.17158978080619028 0.6374402787843131 0.10127922504748853 0.12695012237293704 0.3861870450344549 0.1605836150214458 0.024227158372424118 0.38618329506314836 0.4197853817019647 0.24236064554277192 -0.21813067469186784 -0.07102680027825413 -0.04100452999795965 -0.09960251912704428 -0.2795828607316556 -0.15772519939302282 -0.07315303400907189 -0.2763860101928159 -0.16325734456302088 -0.07315256526265856 -0.0601940706664379 -0.03475051535144939 -0.18123189452817468
0.15969070194999999 0.12182140843 0.12960098298 0.7596737382200001 0.66916837887 0.9639696230399999 0.0042530171900000005 -0.00157239415 -0.00109998927 0.36871887519 0.00114118737 0.00871614469 -0.40919051536 0.00390969969 -0.00415963483 -6.84119581341 0.00131696593 0.021719638319999998 0.16118619297999998 -0.11571447674 -0.11836076803000001 0.7569107189800001 -0.66932081184 -0.96964946776 1.597140842209468 -1.4900831709455 0.888817799148578 1.496957787023847 1.256924379656066 -0.6818770972270604 -0.7386530902175888 -0.0038670729037080533 -0.009742688391287956 -0.9362289724777676 -0.00013055121356615572 -0.006541345589057007 -0.6947311210621577 -0.005294216604803918 -0.008520696597224623 -0.674887336600102 -0.00852312922853331 -0.008073903313529269 1.6159767064326245 1.4890493026393086 -0.8880223287106375 1.494647598157698 -1.2657264506079955 0.689056603096096 -0.3993452256027497 0.2728169750018003 0.1938997663481372 -0.2493801230822331 0.05159116774278308 0.19056744809584805 0.4165575938998458 -0.13730191816468734 -0.5191718087324687 0.5737334224964581 -0.2934221298385038 -0.28982496986268913 -0.07921158140122786 0.04135093359740284 0.18217969977590695 -0.046245114898872904 0.12063610818552188 0.07265335033247318 0.31276870055544415 -0.30512297780778797 -0.12604872302012343 0.28391829630844867 0.006884947318838453 0.039074232267909494 -0.11944314856362347 0.23132588622681494 -0.18264094624661345 -0.08565450085230591 -0.15116274960654827 0.006893853500691526 0.16991401237857268 0.00129092762228221 0.004441372266203318 0.07678534996588554 0.0024735748230875895 0.001207490760711319 0.29777490903258974 0.001679049652510848 0.005280897092458743 0.16121314145453405 -0.0015215508576354585 0.005361521475549715 -0.1323435186045925 -0.2501291798507178 0.16516420497240505 -0.08219140235070063 0.15134743569339618 -0.005313240594977796 0.320060519761044 0.3169541372799749 0.12363702272359403 0.2875051438631704 -0.005957298166878942 -0.043472011117674084 0.4067575126365728 0.14614856922326838 0.5276514313494204 0.5711112550603482 0.3237650226655089 0.2885199798480073 -0.07284975507965409 -0.03849204922256653 -0.17921675369731369 -0.04422669284311866 -0.1190901825143938 -0.06977430986186413 -0.4025936382470546 -0.27214338640586005 -0.19335367677661983 -0.2570080334661831 -0.05089226684052353 -0.19100244476740869
