{
    "E-V": {
        "bandgaps": [0.0, 0.0, 0.0, 0.0, 0.0, 0.0, 0.0, 0.0, 0.0, 0.0, 0.0],
        "energies": [-5.48880256, -5.53664035, -5.56252686, -5.5703893, -5.56348349, -5.54444776, -5.51549641, -5.47925156, -5.43662941, -5.38882414, -5.33684941],
        "lattices": [[[0.0, 1.701216, 1.701216], [1.701216, 0.0, 1.701216], [1.701216, 1.701216, 0.0]], [[0.0, 1.721965, 1.721965], [1.721965, 0.0, 1.721965], [1.721965, 1.721965, 0.0]], [[0.0, 1.742225, 1.742225], [1.742225, 0.0, 1.742225], [1.742225, 1.742225, 0.0]], [[0.0, 1.762025, 1.762025], [1.762025, 0.0, 1.762025], [1.762025, 1.762025, 0.0]], [[0.0, 1.781389, 1.781389], [1.781389, 0.0, 1.781389], [1.781389, 1.781389, 0.0]], [[0.0, 1.800342, 1.800342], [1.800342, 0.0, 1.800342], [1.800342, 1.800342, 0.0]], [[0.0, 1.818903, 1.818903], [1.818903, 0.0, 1.818903], [1.818903, 1.818903, 0.0]], [[0.0, 1.836733, 1.836733], [1.836733, 0.0, 1.836733], [1.836733, 1.836733, 0.0]], [[0.0, 1.854223, 1.854223], [1.854223, 0.0, 1.854223], [1.854223, 1.854223, 0.0]], [[0.0, 1.871389, 1.871389], [1.871389, 0.0, 1.871389], [1.871389, 1.871389, 0.0]], [[0.0, 1.888246, 1.888246], [1.888246, 0.0, 1.888246], [1.888246, 1.888246, 0.0]]],
        "metatag": "21d29b4e-907d-4363-b694-5fbbb1e8df8a",
        "natoms": 1,
        "pressures": [265.00550081, 158.70160661, 71.51221817, -0.09218109000000001, -58.47820066, -106.2224834, -145.25581733, -176.53171308, -202.05095891, -224.3511188, -241.10302071],
        "stresses": [[[265.00550081, 0.0, 0.0], [-0.0, 265.00550081, 0.0], [0.0, 0.0, 265.00550081]], [[158.70160661, 0.0, -0.0], [-0.0, 158.70160661, 0.0], [0.0, 0.0, 158.70160661]], [[71.51221817, 0.0, -0.0], [-0.0, 71.51221817, 0.0], [-0.0, 0.0, 71.51221817]], [[-0.09218109, -0.0, 0.0], [0.0, -0.09218109, -0.0], [0.0, -0.0, -0.09218109]], [[-58.47820066, -0.0, -0.0], [-0.0, -58.47820066, -0.0], [-0.0, -0.0, -58.47820066]], [[-106.2224834, 0.0, 0.0], [0.0, -106.2224834, 0.0], [0.0, 0.0, -106.2224834]], [[-145.25581733, 0.0, 0.0], [-0.0, -145.25581733, 0.0], [0.0, 0.0, -145.25581733]], [[-176.53171308, 0.0, 0.0], [-0.0, -176.53171308, -0.0], [-0.0, -0.0, -176.53171308]], [[-202.05095891, 0.0, -0.0], [-0.0, -202.05095891, 0.0], [-0.0, 0.0, -202.05095891]], [[-224.3511188, 0.0, 0.0], [-0.0, -224.3511188, 0.0], [-0.0, 0.0, -224.3511188]], [[-241.10302071, 0.0, -0.0], [0.0, -241.10302071, 0.0], [0.0, 0.0, -241.10302071]]],
        "volumes": [9.847100525887292, 10.211815399016613, 10.57651816655528, 10.941231159207529, 11.305930056107933, 11.670649743291206, 12.035346921786, 12.392761232171289, 12.750167410015575, 13.107570816941273, 13.464980096499024]
    },

    "ENCUT": 520.0,
    "Gruneisen parameter": 2.398,
    "Helmholtz energy max error": "3.1e-02 eV",
    "Helmholtz energy quality": "+-5.5e-03 eV",
    "LSORBIT": false,
    "METADATA": {
        "tag": "21d29b4e-907d-4363-b694-5fbbb1e8df8a"
    },

    "NEDOS": 5001,
    "Postprocess time": "2020-09-13 22:57:16.022609",
    "bandgap": 0.0,
    "command": "dfttk thfind -py -td -50 -plot find_or_DFT -eq 4 -smooth -el 1 -renew -get -ss 30 -expt ExptData/ExptData.json",
    "kpoints": {
        "generation_style": "Monkhorst",
        "kpoints": [20, 20, 20]
    },

    "phonon quality": "     1.0",
    "pseudo_potential": {
        "functional": "PBE",
        "labels": ["Ni"],
        "pot_type": "paw"
    }
}
