{
    "E-V": {
        "bandgaps": [0.0, 0.0, 0.0, 0.0, 0.0, 0.0, 0.0, 0.0, 0.0, 0.0, 0.0, 0.0, 0.0],
        "energies": [-8.24538102, -8.28657526, -8.30649508, -8.30883878, -8.29711957, -8.27449913, -8.24643004, -8.21424108, -8.17558139, -8.1314086, -8.08275686, -8.03039104, -7.97484714],
        "lattices": [[[-1.373473, 1.373473, 1.373473], [1.373473, -1.373473, 1.373473], [1.373473, 1.373473, -1.373473]], [[-1.390225, 1.390225, 1.390225], [1.390225, -1.390225, 1.390225], [1.390225, 1.390225, -1.390225]], [[-1.406582, 1.406582, 1.406582], [1.406582, -1.406582, 1.406582], [1.406582, 1.406582, -1.406582]], [[-1.422567, 1.422567, 1.422567], [1.422567, -1.422567, 1.422567], [1.422567, 1.422567, -1.422567]], [[-1.438201, 1.438201, 1.438201], [1.438201, -1.438201, 1.438201], [1.438201, 1.438201, -1.438201]], [[-1.453502, 1.453502, 1.453502], [1.453502, -1.453502, 1.453502], [1.453502, 1.453502, -1.453502]], [[-1.468488, 1.468488, 1.468488], [1.468488, -1.468488, 1.468488], [1.468488, 1.468488, -1.468488]], [[-1.482883, 1.482883, 1.482883], [1.482883, -1.482883, 1.482883], [1.482883, 1.482883, -1.482883]], [[-1.497004, 1.497004, 1.497004], [1.497004, -1.497004, 1.497004], [1.497004, 1.497004, -1.497004]], [[-1.510863, 1.510863, 1.510863], [1.510863, -1.510863, 1.510863], [1.510863, 1.510863, -1.510863]], [[-1.524473, 1.524473, 1.524473], [1.524473, -1.524473, 1.524473], [1.524473, 1.524473, -1.524473]], [[-1.537844, 1.537844, 1.537844], [1.537844, -1.537844, 1.537844], [1.537844, 1.537844, -1.537844]], [[-1.550986, 1.550986, 1.550986], [1.550986, -1.550986, 1.550986], [1.550986, 1.550986, -1.550986]]],
        "metatag": "a53002a0-ead3-41f9-a233-23a8474df87b",
        "natoms": 1,
        "pressures": [223.84740851, 125.49041551, 44.38630466, -21.96947723, -74.2894493, -113.68003305999999, -124.44202083, -153.92895606, -179.85237482, -200.8009754, -218.00577437999996, -232.21083254000004, -243.71744745],
        "stresses": [[[223.84740851, 0.0, 0.0], [-0.0, 223.84740851, -0.0], [0.0, 0.0, 223.84740851]], [[125.49041551, -0.0, 0.0], [-0.0, 125.49041551, -0.0], [-0.0, 0.0, 125.49041551]], [[44.38630466, -0.0, 0.0], [0.0, 44.38630466, -0.0], [0.0, 0.0, 44.38630466]], [[-21.96947723, 0.0, 0.0], [-0.0, -21.96947723, 0.0], [0.0, 0.0, -21.96947723]], [[-74.2894493, 0.0, -0.0], [-0.0, -74.2894493, 0.0], [0.0, 0.0, -74.2894493]], [[-113.68003306, 0.0, -0.0], [-0.0, -113.68003306, 0.0], [-0.0, -0.0, -113.68003306]], [[-124.44202083, 0.0, -0.0], [0.0, -124.44202083, 0.0], [0.0, 0.0, -124.44202083]], [[-153.92895606, 0.0, 0.0], [0.0, -153.92895606, -0.0], [-0.0, 0.0, -153.92895606]], [[-179.85237482, -0.0, 0.0], [0.0, -179.85237482, 0.0], [-0.0, 0.0, -179.85237482]], [[-200.8009754, -0.0, -0.0], [0.0, -200.8009754, -0.0], [-0.0, 0.0, -200.8009754]], [[-218.00577438, -0.0, 0.0], [0.0, -218.00577438, 0.0], [0.0, 0.0, -218.00577438]], [[-232.21083254, -0.0, -0.0], [0.0, -232.21083254, 0.0], [0.0, -0.0, -232.21083254]], [[-243.71744745, -0.0, 0.0], [0.0, -243.71744745, -0.0], [-0.0, 0.0, -243.71744745]]],
        "volumes": [10.363832146786297, 10.747693514470564, 11.131537602363878, 11.51537753815343, 11.89922702492014, 12.283069025463769, 12.666924944153562, 13.043094789847036, 13.419269460719423, 13.795430213385224, 14.171610329355246, 14.54778382596203, 14.92394446667994]
    },

    "ENCUT": 520.0,
    "METADATA": {
        "tag": "a53002a0-ead3-41f9-a233-23a8474df87b"
    },

    "NEDOS": 5001,
    "Postprocess time": "2020-08-28 00:40:23.984567",
    "bandgap": 0.0,
    "command": "dfttk thfind -py -td -50 -plot find_or_DFT -eq 4 -renew -get -ss 30",
    "kpoints": {
        "generation_style": "Monkhorst",
        "kpoints": [20, 20, 20]
    },

    "phonon quality": "0.976424",
    "pseudo_potential": {
        "functional": "pbe",
        "labels": ["Fe"],
        "pot_type": "paw"
    }
}
